Linux 6.8.0-134-generic (preslav-ROG-Strix-G614JU-G614JU) 	16.07.2026 	_x86_64_	(20 CPU)

avg-cpu:  %user   %nice %system %iowait  %steal   %idle
           3,87    0,00    0,88    0,21    0,00   95,04

Device            r/s     rkB/s   rrqm/s  %rrqm r_await rareq-sz     w/s     wkB/s   wrqm/s  %wrqm w_await wareq-sz     d/s     dkB/s   drqm/s  %drqm d_await dareq-sz     f/s f_await  aqu-sz  %util
loop0            0,00      0,00     0,00   0,00    0,00     1,21    0,00      0,00     0,00   0,00    0,00     0,00    0,00      0,00     0,00   0,00    0,00     0,00    0,00    0,00    0,00   0,00
loop1            0,01      0,53     0,00   0,00    0,19    44,50    0,00      0,00     0,00   0,00    0,00     0,00    0,00      0,00     0,00   0,00    0,00     0,00    0,00    0,00    0,00   0,00
loop10           0,00      0,00     0,00   0,00    0,19     6,98    0,00      0,00     0,00   0,00    0,00     0,00    0,00      0,00     0,00   0,00    0,00     0,00    0,00    0,00    0,00   0,00
loop11           0,00      0,00     0,00   0,00    0,12     7,10    0,00      0,00     0,00   0,00    0,00     0,00    0,00      0,00     0,00   0,00    0,00     0,00    0,00    0,00    0,00   0,00
loop12           0,01      0,41     0,00   0,00    0,18    35,78    0,00      0,00     0,00   0,00    0,00     0,00    0,00      0,00     0,00   0,00    0,00     0,00    0,00    0,00    0,00   0,00
loop13           0,00      0,01     0,00   0,00    0,26    18,02    0,00      0,00     0,00   0,00    0,00     0,00    0,00      0,00     0,00   0,00    0,00     0,00    0,00    0,00    0,00   0,00
loop14           0,01      0,10     0,00   0,00    0,13    17,12    0,00      0,00     0,00   0,00    0,00     0,00    0,00      0,00     0,00   0,00    0,00     0,00    0,00    0,00    0,00   0,00
loop15           0,00      0,01     0,00   0,00    0,19    17,25    0,00      0,00     0,00   0,00    0,00     0,00    0,00      0,00     0,00   0,00    0,00     0,00    0,00    0,00    0,00   0,00
loop16           0,00      0,00     0,00   0,00    0,14     7,37    0,00      0,00     0,00   0,00    0,00     0,00    0,00      0,00     0,00   0,00    0,00     0,00    0,00    0,00    0,00   0,00
loop17           0,01      0,28     0,00   0,00    0,16    21,57    0,00      0,00     0,00   0,00    0,00     0,00    0,00      0,00     0,00   0,00    0,00     0,00    0,00    0,00    0,00   0,00
loop18           0,00      0,02     0,00   0,00    0,16    16,23    0,00      0,00     0,00   0,00    0,00     0,00    0,00      0,00     0,00   0,00    0,00     0,00    0,00    0,00    0,00   0,00
loop19           0,00      0,01     0,00   0,00    0,21    17,62    0,00      0,00     0,00   0,00    0,00     0,00    0,00      0,00     0,00   0,00    0,00     0,00    0,00    0,00    0,00   0,00
loop2            0,00      0,00     0,00   0,00    0,13     7,60    0,00      0,00     0,00   0,00    0,00     0,00    0,00      0,00     0,00   0,00    0,00     0,00    0,00    0,00    0,00   0,00
loop20           0,03      1,12     0,00   0,00    0,07    33,77    0,00      0,00     0,00   0,00    0,00     0,00    0,00      0,00     0,00   0,00    0,00     0,00    0,00    0,00    0,00   0,00
loop21           0,00      0,01     0,00   0,00    0,28    18,28    0,00      0,00     0,00   0,00    0,00     0,00    0,00      0,00     0,00   0,00    0,00     0,00    0,00    0,00    0,00   0,00
loop22           0,00      0,01     0,00   0,00    0,21    18,06    0,00      0,00     0,00   0,00    0,00     0,00    0,00      0,00     0,00   0,00    0,00     0,00    0,00    0,00    0,00   0,00
loop23           0,00      0,00     0,00   0,00    0,18     7,82    0,00      0,00     0,00   0,00    0,00     0,00    0,00      0,00     0,00   0,00    0,00     0,00    0,00    0,00    0,00   0,00
loop24           0,00      0,14     0,00   0,00    0,20    40,06    0,00      0,00     0,00   0,00    0,00     0,00    0,00      0,00     0,00   0,00    0,00     0,00    0,00    0,00    0,00   0,00
loop25           0,00      0,01     0,00   0,00    0,15    17,55    0,00      0,00     0,00   0,00    0,00     0,00    0,00      0,00     0,00   0,00    0,00     0,00    0,00    0,00    0,00   0,00
loop26           0,00      0,01     0,00   0,00    0,24    17,32    0,00      0,00     0,00   0,00    0,00     0,00    0,00      0,00     0,00   0,00    0,00     0,00    0,00    0,00    0,00   0,00
loop27           0,00      0,01     0,00   0,00    0,17    18,27    0,00      0,00     0,00   0,00    0,00     0,00    0,00      0,00     0,00   0,00    0,00     0,00    0,00    0,00    0,00   0,00
loop28           0,00      0,02     0,00   0,00    0,10    11,64    0,00      0,00     0,00   0,00    0,00     0,00    0,00      0,00     0,00   0,00    0,00     0,00    0,00    0,00    0,00   0,00
loop29           0,00      0,01     0,00   0,00    0,32    17,29    0,00      0,00     0,00   0,00    0,00     0,00    0,00      0,00     0,00   0,00    0,00     0,00    0,00    0,00    0,00   0,00
loop3            0,00      0,00     0,00   0,00    0,10     3,27    0,00      0,00     0,00   0,00    0,00     0,00    0,00      0,00     0,00   0,00    0,00     0,00    0,00    0,00    0,00   0,00
loop30           0,03      0,50     0,00   0,00    0,08    19,95    0,00      0,00     0,00   0,00    0,00     0,00    0,00      0,00     0,00   0,00    0,00     0,00    0,00    0,00    0,00   0,00
loop31           0,02      0,06     0,00   0,00    0,02     3,11    0,00      0,00     0,00   0,00    0,00     0,00    0,00      0,00     0,00   0,00    0,00     0,00    0,00    0,00    0,00   0,00
loop32           0,00      0,01     0,00   0,00    0,24    17,65    0,00      0,00     0,00   0,00    0,00     0,00    0,00      0,00     0,00   0,00    0,00     0,00    0,00    0,00    0,00   0,00
loop33           0,00      0,01     0,00   0,00    0,22    16,41    0,00      0,00     0,00   0,00    0,00     0,00    0,00      0,00     0,00   0,00    0,00     0,00    0,00    0,00    0,00   0,00
loop34           0,01      0,64     0,00   0,00    0,12    43,97    0,00      0,00     0,00   0,00    0,00     0,00    0,00      0,00     0,00   0,00    0,00     0,00    0,00    0,00    0,00   0,00
loop35           0,00      0,01     0,00   0,00    0,27    17,16    0,00      0,00     0,00   0,00    0,00     0,00    0,00      0,00     0,00   0,00    0,00     0,00    0,00    0,00    0,00   0,00
loop36           0,01      0,22     0,00   0,00    0,22    40,09    0,00      0,00     0,00   0,00    0,00     0,00    0,00      0,00     0,00   0,00    0,00     0,00    0,00    0,00    0,00   0,00
loop37           0,00      0,00     0,00   0,00    0,14     7,43    0,00      0,00     0,00   0,00    0,00     0,00    0,00      0,00     0,00   0,00    0,00     0,00    0,00    0,00    0,00   0,00
loop38           0,00      0,01     0,00   0,00    0,19    18,76    0,00      0,00     0,00   0,00    0,00     0,00    0,00      0,00     0,00   0,00    0,00     0,00    0,00    0,00    0,00   0,00
loop39           0,04      1,29     0,00   0,00    0,06    32,75    0,00      0,00     0,00   0,00    0,00     0,00    0,00      0,00     0,00   0,00    0,00     0,00    0,00    0,00    0,00   0,00
loop4            0,00      0,00     0,00   0,00    0,11     3,16    0,00      0,00     0,00   0,00    0,00     0,00    0,00      0,00     0,00   0,00    0,00     0,00    0,00    0,00    0,00   0,00
loop40           0,00      0,01     0,00   0,00    0,16    19,62    0,00      0,00     0,00   0,00    0,00     0,00    0,00      0,00     0,00   0,00    0,00     0,00    0,00    0,00    0,00   0,00
loop41           0,00      0,01     0,00   0,00    0,21    17,20    0,00      0,00     0,00   0,00    0,00     0,00    0,00      0,00     0,00   0,00    0,00     0,00    0,00    0,00    0,00   0,00
loop42           0,00      0,01     0,00   0,00    0,14    18,91    0,00      0,00     0,00   0,00    0,00     0,00    0,00      0,00     0,00   0,00    0,00     0,00    0,00    0,00    0,00   0,00
loop43           0,00      0,01     0,00   0,00    0,22    17,16    0,00      0,00     0,00   0,00    0,00     0,00    0,00      0,00     0,00   0,00    0,00     0,00    0,00    0,00    0,00   0,00
loop44           0,00      0,01     0,00   0,00    0,19    15,44    0,00      0,00     0,00   0,00    0,00     0,00    0,00      0,00     0,00   0,00    0,00     0,00    0,00    0,00    0,00   0,00
loop45           0,00      0,01     0,00   0,00    0,19    15,35    0,00      0,00     0,00   0,00    0,00     0,00    0,00      0,00     0,00   0,00    0,00     0,00    0,00    0,00    0,00   0,00
loop46           0,00      0,01     0,00   0,00    0,33    21,64    0,00      0,00     0,00   0,00    0,00     0,00    0,00      0,00     0,00   0,00    0,00     0,00    0,00    0,00    0,00   0,00
loop47           0,00      0,01     0,00   0,00    0,20    18,47    0,00      0,00     0,00   0,00    0,00     0,00    0,00      0,00     0,00   0,00    0,00     0,00    0,00    0,00    0,00   0,00
loop48           0,00      0,00     0,00   0,00    0,13     7,82    0,00      0,00     0,00   0,00    0,00     0,00    0,00      0,00     0,00   0,00    0,00     0,00    0,00    0,00    0,00   0,00
loop49           0,00      0,16     0,00   0,00    0,21    38,42    0,00      0,00     0,00   0,00    0,00     0,00    0,00      0,00     0,00   0,00    0,00     0,00    0,00    0,00    0,00   0,00
loop5            0,00      0,01     0,00   0,00    0,08    18,39    0,00      0,00     0,00   0,00    0,00     0,00    0,00      0,00     0,00   0,00    0,00     0,00    0,00    0,00    0,00   0,00
loop50           0,06      2,61     0,00   0,00    0,16    41,35    0,00      0,00     0,00   0,00    0,00     0,00    0,00      0,00     0,00   0,00    0,00     0,00    0,00    0,00    0,00   0,00
loop51           0,00      0,00     0,00   0,00    0,12     7,08    0,00      0,00     0,00   0,00    0,00     0,00    0,00      0,00     0,00   0,00    0,00     0,00    0,00    0,00    0,00   0,00
loop52           0,00      0,01     0,00   0,00    0,08    13,13    0,00      0,00     0,00   0,00    0,00     0,00    0,00      0,00     0,00   0,00    0,00     0,00    0,00    0,00    0,00   0,00
loop53           0,00      0,00     0,00   0,00    0,09    11,68    0,00      0,00     0,00   0,00    0,00     0,00    0,00      0,00     0,00   0,00    0,00     0,00    0,00    0,00    0,00   0,00
loop54           0,00      0,01     0,00   0,00    0,19    15,16    0,00      0,00     0,00   0,00    0,00     0,00    0,00      0,00     0,00   0,00    0,00     0,00    0,00    0,00    0,00   0,00
loop55           0,00      0,01     0,00   0,00    0,17    17,88    0,00      0,00     0,00   0,00    0,00     0,00    0,00      0,00     0,00   0,00    0,00     0,00    0,00    0,00    0,00   0,00
loop56           0,00      0,01     0,00   0,00    0,24    17,17    0,00      0,00     0,00   0,00    0,00     0,00    0,00      0,00     0,00   0,00    0,00     0,00    0,00    0,00    0,00   0,00
loop57           0,00      0,01     0,00   0,00    0,27    17,98    0,00      0,00     0,00   0,00    0,00     0,00    0,00      0,00     0,00   0,00    0,00     0,00    0,00    0,00    0,00   0,00
loop58           0,00      0,00     0,00   0,00    0,10     2,45    0,00      0,00     0,00   0,00    0,00     0,00    0,00      0,00     0,00   0,00    0,00     0,00    0,00    0,00    0,00   0,00
loop59           0,00      0,01     0,00   0,00    0,32    17,39    0,00      0,00     0,00   0,00    0,00     0,00    0,00      0,00     0,00   0,00    0,00     0,00    0,00    0,00    0,00   0,00
loop6            0,20      7,81     0,00   0,00    0,10    38,28    0,00      0,00     0,00   0,00    0,00     0,00    0,00      0,00     0,00   0,00    0,00     0,00    0,00    0,00    0,00   0,00
loop60           0,00      0,01     0,00   0,00    0,18    17,76    0,00      0,00     0,00   0,00    0,00     0,00    0,00      0,00     0,00   0,00    0,00     0,00    0,00    0,00    0,00   0,00
loop61           0,00      0,01     0,00   0,00    0,16    17,14    0,00      0,00     0,00   0,00    0,00     0,00    0,00      0,00     0,00   0,00    0,00     0,00    0,00    0,00    0,00   0,00
loop62           0,00      0,01     0,00   0,00    0,08    17,82    0,00      0,00     0,00   0,00    0,00     0,00    0,00      0,00     0,00   0,00    0,00     0,00    0,00    0,00    0,00   0,00
loop63           0,00      0,01     0,00   0,00    0,06    12,36    0,00      0,00     0,00   0,00    0,00     0,00    0,00      0,00     0,00   0,00    0,00     0,00    0,00    0,00    0,00   0,00
loop7            0,00      0,01     0,00   0,00    0,17    18,23    0,00      0,00     0,00   0,00    0,00     0,00    0,00      0,00     0,00   0,00    0,00     0,00    0,00    0,00    0,00   0,00
loop8            0,00      0,01     0,00   0,00    0,19    14,77    0,00      0,00     0,00   0,00    0,00     0,00    0,00      0,00     0,00   0,00    0,00     0,00    0,00    0,00    0,00   0,00
loop9            0,00      0,00     0,00   0,00    0,10     7,35    0,00      0,00     0,00   0,00    0,00     0,00    0,00      0,00     0,00   0,00    0,00     0,00    0,00    0,00    0,00   0,00
nvme0n1         12,18    246,54     1,94  13,77    0,13    20,25   64,51   1338,36    38,13  37,15    0,58    20,75    0,00      0,00     0,00   0,00    0,00     0,00    8,93    1,18    0,05   1,48
nvme1n1          0,00      0,01     0,00   0,00    0,08    21,11    0,00      0,00     0,00   0,00    0,00     0,00    0,00      0,00     0,00   0,00    0,00     0,00    0,00    0,00    0,00   0,00


avg-cpu:  %user   %nice %system %iowait  %steal   %idle
           3,92    0,00    1,46    0,15    0,00   94,48

Device            r/s     rkB/s   rrqm/s  %rrqm r_await rareq-sz     w/s     wkB/s   wrqm/s  %wrqm w_await wareq-sz     d/s     dkB/s   drqm/s  %drqm d_await dareq-sz     f/s f_await  aqu-sz  %util
nvme0n1          1,00      4,00     0,00   0,00    1,00     4,00   22,00    712,00    29,00  56,86    0,59    32,36    0,00      0,00     0,00   0,00    0,00     0,00    7,00    1,00    0,02   1,00


avg-cpu:  %user   %nice %system %iowait  %steal   %idle
           8,19    0,00    2,45    0,20    0,00   89,17

Device            r/s     rkB/s   rrqm/s  %rrqm r_await rareq-sz     w/s     wkB/s   wrqm/s  %wrqm w_await wareq-sz     d/s     dkB/s   drqm/s  %drqm d_await dareq-sz     f/s f_await  aqu-sz  %util
nvme0n1          1,00      4,00     0,00   0,00    0,00     4,00   28,00   1092,00    56,00  66,67    0,61    39,00    0,00      0,00     0,00   0,00    0,00     0,00    9,00    1,11    0,03   1,60


avg-cpu:  %user   %nice %system %iowait  %steal   %idle
           5,49    0,00    1,26    0,20    0,00   93,05

Device            r/s     rkB/s   rrqm/s  %rrqm r_await rareq-sz     w/s     wkB/s   wrqm/s  %wrqm w_await wareq-sz     d/s     dkB/s   drqm/s  %drqm d_await dareq-sz     f/s f_await  aqu-sz  %util
nvme0n1          1,00      4,00     0,00   0,00    0,00     4,00   23,00    736,00    35,00  60,34    0,57    32,00    0,00      0,00     0,00   0,00    0,00     0,00    8,00    1,12    0,02   1,30


avg-cpu:  %user   %nice %system %iowait  %steal   %idle
           5,74    0,00    1,16    0,25    0,00   92,85

Device            r/s     rkB/s   rrqm/s  %rrqm r_await rareq-sz     w/s     wkB/s   wrqm/s  %wrqm w_await wareq-sz     d/s     dkB/s   drqm/s  %drqm d_await dareq-sz     f/s f_await  aqu-sz  %util
nvme0n1          1,00      4,00     0,00   0,00    0,00     4,00   24,00    736,00    34,00  58,62    0,62    30,67    0,00      0,00     0,00   0,00    0,00     0,00    8,00    1,12    0,02   1,50


avg-cpu:  %user   %nice %system %iowait  %steal   %idle
           3,33    0,00    0,76    0,00    0,00   95,91

Device            r/s     rkB/s   rrqm/s  %rrqm r_await rareq-sz     w/s     wkB/s   wrqm/s  %wrqm w_await wareq-sz     d/s     dkB/s   drqm/s  %drqm d_await dareq-sz     f/s f_await  aqu-sz  %util
nvme0n1          1,00      4,00     0,00   0,00    0,00     4,00   67,00   1224,00    30,00  30,93    0,63    18,27    0,00      0,00     0,00   0,00    0,00     0,00    6,00    1,17    0,05   1,20


avg-cpu:  %user   %nice %system %iowait  %steal   %idle
           4,74    0,00    0,96    0,25    0,00   94,06

Device            r/s     rkB/s   rrqm/s  %rrqm r_await rareq-sz     w/s     wkB/s   wrqm/s  %wrqm w_await wareq-sz     d/s     dkB/s   drqm/s  %drqm d_await dareq-sz     f/s f_await  aqu-sz  %util
nvme0n1          1,00      4,00     0,00   0,00    0,00     4,00   57,00    748,00    27,00  32,14    0,40    13,12    0,00      0,00     0,00   0,00    0,00     0,00    6,00    1,17    0,03   1,20


avg-cpu:  %user   %nice %system %iowait  %steal   %idle
           5,27    0,00    1,86    0,05    0,00   92,82

Device            r/s     rkB/s   rrqm/s  %rrqm r_await rareq-sz     w/s     wkB/s   wrqm/s  %wrqm w_await wareq-sz     d/s     dkB/s   drqm/s  %drqm d_await dareq-sz     f/s f_await  aqu-sz  %util
nvme0n1          1,00      4,00     0,00   0,00    0,00     4,00   24,00    736,00    34,00  58,62    0,58    30,67    0,00      0,00     0,00   0,00    0,00     0,00    8,00    1,12    0,02   1,30


avg-cpu:  %user   %nice %system %iowait  %steal   %idle
           5,65    0,00    0,86    0,05    0,00   93,44

Device            r/s     rkB/s   rrqm/s  %rrqm r_await rareq-sz     w/s     wkB/s   wrqm/s  %wrqm w_await wareq-sz     d/s     dkB/s   drqm/s  %drqm d_await dareq-sz     f/s f_await  aqu-sz  %util
nvme0n1          1,00      4,00     0,00   0,00    0,00     4,00   21,00    692,00    28,00  57,14    0,62    32,95    0,00      0,00     0,00   0,00    0,00     0,00    7,00    1,14    0,02   1,20


avg-cpu:  %user   %nice %system %iowait  %steal   %idle
           7,52    0,00    1,54    0,10    0,00   90,84

Device            r/s     rkB/s   rrqm/s  %rrqm r_await rareq-sz     w/s     wkB/s   wrqm/s  %wrqm w_await wareq-sz     d/s     dkB/s   drqm/s  %drqm d_await dareq-sz     f/s f_await  aqu-sz  %util
nvme0n1          2,00     84,00     0,00   0,00    0,50    42,00   36,00   1036,00    38,00  51,35    0,42    28,78    0,00      0,00     0,00   0,00    0,00     0,00    7,00    1,14    0,02   1,00


avg-cpu:  %user   %nice %system %iowait  %steal   %idle
           5,14    0,00    0,91    0,10    0,00   93,85

Device            r/s     rkB/s   rrqm/s  %rrqm r_await rareq-sz     w/s     wkB/s   wrqm/s  %wrqm w_await wareq-sz     d/s     dkB/s   drqm/s  %drqm d_await dareq-sz     f/s f_await  aqu-sz  %util
nvme0n1          2,00      8,00     0,00   0,00    0,00     4,00   46,00    920,00    44,00  48,89    0,43    20,00    0,00      0,00     0,00   0,00    0,00     0,00   13,00    1,08    0,04   1,70


avg-cpu:  %user   %nice %system %iowait  %steal   %idle
           6,66    0,00    2,14    0,40    0,00   90,81

Device            r/s     rkB/s   rrqm/s  %rrqm r_await rareq-sz     w/s     wkB/s   wrqm/s  %wrqm w_await wareq-sz     d/s     dkB/s   drqm/s  %drqm d_await dareq-sz     f/s f_await  aqu-sz  %util
nvme0n1          1,00      4,00     0,00   0,00    0,00     4,00   64,00    972,00    21,00  24,71    0,59    15,19    0,00      0,00     0,00   0,00    0,00     0,00    7,00    1,29    0,05   1,70


avg-cpu:  %user   %nice %system %iowait  %steal   %idle
           3,53    0,00    1,46    0,15    0,00   94,86

Device            r/s     rkB/s   rrqm/s  %rrqm r_await rareq-sz     w/s     wkB/s   wrqm/s  %wrqm w_await wareq-sz     d/s     dkB/s   drqm/s  %drqm d_await dareq-sz     f/s f_await  aqu-sz  %util
nvme0n1          1,00      4,00     0,00   0,00    0,00     4,00   62,00    900,00    37,00  37,37    0,63    14,52    0,00      0,00     0,00   0,00    0,00     0,00    9,00    1,11    0,05   1,70


avg-cpu:  %user   %nice %system %iowait  %steal   %idle
           3,73    0,00    0,91    0,10    0,00   95,26

Device            r/s     rkB/s   rrqm/s  %rrqm r_await rareq-sz     w/s     wkB/s   wrqm/s  %wrqm w_await wareq-sz     d/s     dkB/s   drqm/s  %drqm d_await dareq-sz     f/s f_await  aqu-sz  %util
nvme0n1          1,00      4,00     0,00   0,00    1,00     4,00   18,00    668,00    26,00  59,09    0,61    37,11    0,00      0,00     0,00   0,00    0,00     0,00    6,00    1,00    0,02   1,20


avg-cpu:  %user   %nice %system %iowait  %steal   %idle
           3,48    0,00    0,86    0,20    0,00   95,46

Device            r/s     rkB/s   rrqm/s  %rrqm r_await rareq-sz     w/s     wkB/s   wrqm/s  %wrqm w_await wareq-sz     d/s     dkB/s   drqm/s  %drqm d_await dareq-sz     f/s f_await  aqu-sz  %util
nvme0n1          1,00      4,00     0,00   0,00    0,00     4,00   44,00    868,00    43,00  49,43    0,55    19,73    0,00      0,00     0,00   0,00    0,00     0,00   14,00    1,14    0,04   2,20


avg-cpu:  %user   %nice %system %iowait  %steal   %idle
           3,78    0,00    0,91    0,15    0,00   95,16

Device            r/s     rkB/s   rrqm/s  %rrqm r_await rareq-sz     w/s     wkB/s   wrqm/s  %wrqm w_await wareq-sz     d/s     dkB/s   drqm/s  %drqm d_await dareq-sz     f/s f_await  aqu-sz  %util
nvme0n1          3,00     16,00     0,00   0,00    0,67     5,33   73,00   6740,00    47,00  39,17    0,36    92,33    0,00      0,00     0,00   0,00    0,00     0,00    9,00    1,11    0,04   1,80


avg-cpu:  %user   %nice %system %iowait  %steal   %idle
           3,68    0,00    0,86    0,10    0,00   95,36

Device            r/s     rkB/s   rrqm/s  %rrqm r_await rareq-sz     w/s     wkB/s   wrqm/s  %wrqm w_await wareq-sz     d/s     dkB/s   drqm/s  %drqm d_await dareq-sz     f/s f_await  aqu-sz  %util
nvme0n1          1,00      4,00     0,00   0,00    0,00     4,00   90,00   1312,00    19,00  17,43    0,59    14,58    0,00      0,00     0,00   0,00    0,00     0,00    7,00    1,29    0,06   1,60


avg-cpu:  %user   %nice %system %iowait  %steal   %idle
           3,73    0,00    0,86    0,15    0,00   95,27

Device            r/s     rkB/s   rrqm/s  %rrqm r_await rareq-sz     w/s     wkB/s   wrqm/s  %wrqm w_await wareq-sz     d/s     dkB/s   drqm/s  %drqm d_await dareq-sz     f/s f_await  aqu-sz  %util
nvme0n1          1,00      4,00     0,00   0,00    0,00     4,00   26,00    732,00    31,00  54,39    0,62    28,15    0,00      0,00     0,00   0,00    0,00     0,00    9,00    1,11    0,03   1,60


avg-cpu:  %user   %nice %system %iowait  %steal   %idle
           3,58    0,00    1,01    0,10    0,00   95,31

Device            r/s     rkB/s   rrqm/s  %rrqm r_await rareq-sz     w/s     wkB/s   wrqm/s  %wrqm w_await wareq-sz     d/s     dkB/s   drqm/s  %drqm d_await dareq-sz     f/s f_await  aqu-sz  %util
nvme0n1          1,00      4,00     0,00   0,00    0,00     4,00   53,00    844,00    34,00  39,08    0,42    15,92    0,00      0,00     0,00   0,00    0,00     0,00    7,00    1,29    0,03   1,30


avg-cpu:  %user   %nice %system %iowait  %steal   %idle
           4,63    0,00    1,01    0,15    0,00   94,21

Device            r/s     rkB/s   rrqm/s  %rrqm r_await rareq-sz     w/s     wkB/s   wrqm/s  %wrqm w_await wareq-sz     d/s     dkB/s   drqm/s  %drqm d_await dareq-sz     f/s f_await  aqu-sz  %util
nvme0n1          1,00      4,00     0,00   0,00    0,00     4,00   24,00    764,00    31,00  56,36    0,62    31,83    0,00      0,00     0,00   0,00    0,00     0,00    7,00    1,14    0,02   1,40


